yr	percentil	América Latina	Mundo	Argentina	Australia	Austria	Bélgica	Bolivia	Brasil	Canadá	Chequia	Costa Rica	Colombia	Chile	Dinamarca	Ecuador	R. Dominicana	El Salvador	Estonia	Finlandia	Francia	Alemania	Grecia	Guatemala	Honduras	Hungría	Islandia	Irlanda	Israel	Italia	Japón	Corea del Sur	Letonia	Lituania	Luxemburgo	México	Países Bajos	Nueva Zelanda	Nicaragua	Noruega	Panamá	Paraguay	Perú	Polonia	Portugal	Eslovenia	Eslovaquia	España	Suecia	Suiza	Turquía	Reino Unido	Uruguay	Estados Unidos	Venezuela
1980	p90p100	0.5766	0.5208	0.4525	0.2445	0.3285	0.3223	0.5384	0.5989	0.3694	0.182	0.5148	0.5664	0.6036	0.26	0.5401	0.5384	0.5057	0.2335	0.2707	0.3162	0.286	0.3621	0.5384	0.5384	0.1817	0.2979	0.3107	0.4943	0.2458	0.3649	0.3276	0.2227	0.2481	0.3528	0.5566	0.2625	0.2911	0.5384	0.2723	0.5384	0.5384	0.5419	0.2247	0.2874	0.2251	0.23	0.3491	0.2563	0.3124	0.6028	0.2903	0.4803	0.3385	0.5384
1981	p90p100	0.5786	0.5211	0.4525	0.2436	0.3272	0.3187	0.5384	0.5989	0.3568	0.181	0.5148	0.5664	0.6036	0.2577	0.5401	0.5384	0.5057	0.2335	0.2617	0.3062	0.2814	0.374	0.5384	0.5384	0.1802	0.2979	0.3071	0.4938	0.2362	0.3602	0.3245	0.2227	0.2481	0.3528	0.5566	0.2627	0.2904	0.5384	0.2672	0.5384	0.5384	0.5419	0.2247	0.2775	0.2251	0.2258	0.3467	0.2555	0.3123	0.6028	0.2903	0.4803	0.3432	0.5384
1982	p90p100	0.5802	0.5161	0.4525	0.2482	0.3293	0.3155	0.5384	0.5989	0.3526	0.1809	0.5148	0.5664	0.6036	0.257	0.5402	0.5384	0.5057	0.2335	0.2569	0.2993	0.2802	0.3648	0.5384	0.5384	0.1788	0.2979	0.3163	0.4933	0.2335	0.3593	0.3304	0.2227	0.2481	0.3528	0.5566	0.264	0.2952	0.5384	0.2629	0.5384	0.5384	0.5419	0.2247	0.306	0.2251	0.2266	0.3485	0.2657	0.3146	0.6028	0.2908	0.4803	0.3461	0.5384
1983	p90p100	0.5787	0.5182	0.4525	0.2438	0.3342	0.3153	0.5384	0.5989	0.3598	0.1804	0.5148	0.5664	0.6036	0.27	0.5402	0.5384	0.5057	0.2335	0.2589	0.3061	0.2846	0.3557	0.5384	0.5384	0.1728	0.2979	0.3204	0.4928	0.2328	0.3612	0.3397	0.2227	0.2481	0.3528	0.5566	0.2691	0.3095	0.5384	0.2592	0.5384	0.5384	0.5419	0.2247	0.316	0.2251	0.2252	0.3483	0.2696	0.3172	0.6028	0.2957	0.4803	0.3534	0.5384
1984	p90p100	0.5787	0.5213	0.4525	0.2482	0.3337	0.3128	0.5384	0.5989	0.3547	0.1798	0.5148	0.5664	0.6036	0.2768	0.5401	0.5384	0.5057	0.2335	0.2663	0.3091	0.2853	0.3493	0.5384	0.5384	0.1665	0.2979	0.3111	0.4923	0.2377	0.3649	0.3388	0.2227	0.2481	0.3528	0.5566	0.271	0.3025	0.5384	0.2653	0.5384	0.5384	0.5419	0.2316	0.316	0.2251	0.2241	0.35	0.2823	0.3188	0.6028	0.3017	0.4803	0.3649	0.5384
1985	p90p100	0.5806	0.5232	0.4525	0.2531	0.3322	0.3228	0.5384	0.5989	0.352	0.1792	0.5148	0.5664	0.6036	0.2823	0.5401	0.5384	0.5057	0.2336	0.2629	0.3149	0.2874	0.3545	0.5384	0.5384	0.1685	0.2979	0.3093	0.4918	0.2428	0.3714	0.3318	0.2227	0.2481	0.3528	0.5566	0.2703	0.2907	0.5384	0.2678	0.5384	0.5384	0.5419	0.2275	0.3207	0.2251	0.2236	0.3519	0.2805	0.3202	0.6028	0.3027	0.4803	0.3658	0.5384
1986	p90p100	0.5841	0.5261	0.4525	0.2605	0.3325	0.3333	0.5384	0.5989	0.3489	0.1812	0.5148	0.5664	0.6036	0.2709	0.5401	0.5384	0.5057	0.2336	0.2594	0.3246	0.2933	0.3353	0.5384	0.5384	0.1708	0.2979	0.3079	0.4912	0.2552	0.3795	0.3328	0.2227	0.2481	0.3539	0.5566	0.2707	0.2789	0.5384	0.2391	0.5384	0.5384	0.5419	0.2272	0.3369	0.2251	0.2259	0.3636	0.2794	0.3203	0.6028	0.3051	0.4803	0.3634	0.5384
1987	p90p100	0.5837	0.5295	0.4525	0.2778	0.3355	0.3381	0.5384	0.5989	0.3537	0.182	0.5148	0.5664	0.6036	0.2724	0.5401	0.5384	0.5057	0.2336	0.2723	0.3296	0.3011	0.3363	0.5384	0.5384	0.1804	0.2979	0.3093	0.4931	0.2592	0.3981	0.3382	0.2227	0.2481	0.3568	0.5566	0.2701	0.2763	0.5384	0.2366	0.5384	0.5384	0.5419	0.222	0.3335	0.2251	0.2159	0.3643	0.2796	0.32	0.6028	0.3078	0.4803	0.3746	0.5384
1988	p90p100	0.5796	0.5339	0.4525	0.2948	0.3349	0.3381	0.5384	0.5989	0.3581	0.1835	0.5148	0.5664	0.6036	0.2683	0.5401	0.5384	0.5057	0.2336	0.2747	0.3348	0.3156	0.3298	0.5384	0.5384	0.1908	0.2979	0.3057	0.4948	0.2681	0.4043	0.3412	0.2227	0.2481	0.3584	0.5566	0.2704	0.2821	0.5384	0.229	0.5384	0.5384	0.5419	0.2189	0.3351	0.2251	0.2147	0.3672	0.2865	0.3167	0.5956	0.314	0.4803	0.3925	0.5384
1989	p90p100	0.5829	0.5371	0.4525	0.2736	0.3357	0.3349	0.5384	0.5989	0.3672	0.1966	0.5148	0.5664	0.6036	0.2712	0.5402	0.5384	0.5057	0.2675	0.2649	0.3366	0.3243	0.3244	0.5384	0.5384	0.2081	0.2979	0.3074	0.4964	0.2709	0.4125	0.3404	0.2298	0.2673	0.361	0.5566	0.2703	0.3045	0.5384	0.2308	0.5384	0.5384	0.5419	0.2317	0.3479	0.2251	0.2134	0.3745	0.2788	0.3134	0.5884	0.3096	0.4803	0.3879	0.5384
1990	p90p100	0.5799	0.5413	0.4525	0.2671	0.3338	0.3293	0.5384	0.5989	0.3424	0.2087	0.5148	0.5664	0.6036	0.2725	0.5401	0.5384	0.5057	0.3072	0.2508	0.333	0.3256	0.3318	0.5384	0.5384	0.2285	0.2979	0.3091	0.4978	0.2713	0.4177	0.3414	0.2368	0.2858	0.3637	0.5566	0.2657	0.3308	0.5384	0.2339	0.5384	0.5384	0.5419	0.2442	0.3316	0.2251	0.2159	0.367	0.2644	0.3122	0.5813	0.3239	0.4803	0.3876	0.5384
1991	p90p100	0.579	0.5397	0.4525	0.2722	0.3328	0.3241	0.5384	0.5989	0.3449	0.2356	0.5148	0.5664	0.6036	0.2714	0.5401	0.5384	0.5057	0.3503	0.2391	0.3284	0.3147	0.3304	0.5384	0.5384	0.2419	0.2978	0.318	0.4991	0.2704	0.4056	0.3413	0.2502	0.305	0.3651	0.5566	0.2641	0.3174	0.5384	0.2357	0.5384	0.5384	0.5419	0.2601	0.3413	0.2259	0.2358	0.3605	0.2703	0.3046	0.5742	0.3247	0.4803	0.3833	0.5384
1992	p90p100	0.5801	0.5487	0.4525	0.2763	0.3316	0.3205	0.5384	0.5989	0.3515	0.2623	0.5148	0.5664	0.6036	0.273	0.5402	0.5384	0.5057	0.3657	0.238	0.3221	0.3103	0.3282	0.5384	0.5384	0.2623	0.2991	0.3264	0.5004	0.2737	0.3641	0.3409	0.2691	0.3267	0.3644	0.5566	0.2608	0.3303	0.5384	0.2452	0.5384	0.5384	0.5419	0.2586	0.348	0.2381	0.2342	0.3523	0.2676	0.2961	0.5671	0.3222	0.4803	0.3943	0.5384
1993	p90p100	0.5879	0.5518	0.4525	0.2819	0.3323	0.3204	0.5384	0.5989	0.3654	0.2842	0.5148	0.5664	0.6036	0.2732	0.5402	0.5384	0.5057	0.4066	0.2514	0.3228	0.3041	0.3387	0.5384	0.5384	0.2649	0.2994	0.3233	0.5016	0.2794	0.3692	0.3445	0.2978	0.3473	0.3623	0.5566	0.2631	0.3382	0.5384	0.2623	0.5384	0.5384	0.5419	0.2649	0.361	0.2688	0.2444	0.3468	0.2764	0.2978	0.5601	0.3333	0.4803	0.3909	0.5384
1994	p90p100	0.5878	0.5575	0.4525	0.2864	0.333	0.3309	0.5384	0.5989	0.3884	0.2979	0.5148	0.5664	0.6036	0.282	0.5402	0.5384	0.5057	0.4043	0.2825	0.3236	0.3	0.3507	0.5384	0.5384	0.2665	0.3007	0.3313	0.5028	0.2819	0.3726	0.3486	0.316	0.3502	0.3654	0.5566	0.2681	0.3387	0.5384	0.2741	0.5384	0.5384	0.5419	0.2871	0.364	0.2642	0.2512	0.3537	0.3051	0.2989	0.5532	0.342	0.4803	0.3915	0.5384
1995	p90p100	0.5833	0.5599	0.4525	0.282	0.3305	0.3264	0.5384	0.5989	0.3647	0.2938	0.5148	0.5664	0.6036	0.2836	0.5402	0.5384	0.5057	0.4186	0.2979	0.3232	0.2975	0.3535	0.5384	0.5384	0.2586	0.3005	0.3307	0.504	0.2894	0.3831	0.3515	0.3429	0.3398	0.3676	0.5566	0.2753	0.3383	0.5384	0.275	0.5384	0.5384	0.5419	0.3108	0.367	0.282	0.2478	0.3547	0.313	0.2977	0.5538	0.3434	0.4803	0.399	0.5384
1996	p90p100	0.584	0.5649	0.4525	0.2786	0.333	0.3295	0.5384	0.5989	0.3716	0.299	0.5148	0.5664	0.6036	0.2863	0.5402	0.5384	0.5057	0.43	0.3014	0.3263	0.3062	0.3599	0.5384	0.5384	0.2637	0.301	0.3168	0.5051	0.2929	0.3934	0.3728	0.3469	0.3322	0.3756	0.5566	0.275	0.326	0.5384	0.2918	0.5384	0.5384	0.5419	0.3086	0.3625	0.2896	0.2537	0.3539	0.305	0.3133	0.5544	0.355	0.4803	0.408	0.5384
1997	p90p100	0.5869	0.5653	0.4525	0.287	0.3391	0.3284	0.5384	0.5989	0.3797	0.2864	0.5148	0.5664	0.6036	0.2981	0.5402	0.5384	0.5057	0.4221	0.318	0.3311	0.3136	0.3784	0.5384	0.5384	0.2762	0.3019	0.3337	0.5061	0.296	0.3907	0.3813	0.3484	0.3226	0.3815	0.5566	0.2771	0.3373	0.5384	0.3062	0.5384	0.5384	0.5419	0.3083	0.3703	0.2888	0.2598	0.3441	0.3156	0.3188	0.555	0.354	0.4803	0.4152	0.5384
1998	p90p100	0.5875	0.5706	0.4525	0.2896	0.3466	0.3263	0.5384	0.5989	0.3817	0.306	0.5148	0.5664	0.6036	0.2954	0.5401	0.5384	0.5057	0.4239	0.3263	0.3338	0.3222	0.387	0.5384	0.5384	0.2814	0.3028	0.3559	0.5075	0.3018	0.394	0.352	0.3579	0.3169	0.3907	0.5566	0.2755	0.3548	0.5384	0.2828	0.5384	0.5384	0.5419	0.3228	0.3691	0.2896	0.2726	0.342	0.3162	0.3229	0.5556	0.3635	0.4803	0.4191	0.5384
1999	p90p100	0.5858	0.5734	0.4525	0.3015	0.3294	0.3267	0.5384	0.5989	0.3847	0.3025	0.5148	0.5664	0.6036	0.3097	0.5402	0.5384	0.5057	0.4164	0.3335	0.3362	0.3213	0.3954	0.5384	0.5384	0.2916	0.305	0.3485	0.5088	0.3013	0.4011	0.3737	0.3556	0.3108	0.3851	0.5566	0.277	0.359	0.5384	0.2931	0.5384	0.5384	0.5419	0.3194	0.377	0.3006	0.2731	0.3462	0.3183	0.3166	0.5562	0.3659	0.4803	0.4228	0.5384
2000	p90p100	0.5847	0.5741	0.4525	0.3071	0.3479	0.3267	0.5384	0.5989	0.4008	0.3001	0.5145	0.5664	0.6036	0.3131	0.54	0.5384	0.5056	0.4156	0.3458	0.3375	0.322	0.4029	0.5384	0.5384	0.2891	0.3051	0.3642	0.5102	0.3085	0.4132	0.3863	0.3594	0.3251	0.3779	0.5566	0.2767	0.3297	0.5384	0.3253	0.5384	0.5384	0.5416	0.3329	0.3747	0.29	0.2739	0.3423	0.3092	0.3227	0.5568	0.3586	0.4803	0.4275	0.5384
2001	p90p100	0.5914	0.5733	0.4585	0.2933	0.3369	0.3219	0.5506	0.5989	0.3913	0.2997	0.5145	0.5664	0.6074	0.2959	0.54	0.5506	0.5056	0.4116	0.3374	0.3362	0.3237	0.3982	0.5506	0.5506	0.3079	0.3213	0.3537	0.5115	0.3146	0.4257	0.3953	0.3702	0.3259	0.3824	0.5566	0.288	0.3401	0.5506	0.3007	0.5506	0.5506	0.6298	0.333	0.3937	0.2869	0.293	0.3369	0.2965	0.3138	0.5574	0.3618	0.4924	0.4195	0.5506
2002	p90p100	0.5936	0.5699	0.4557	0.3016	0.3471	0.3159	0.5508	0.6082	0.3899	0.2923	0.5145	0.5664	0.6112	0.2949	0.5312	0.5508	0.5008	0.4274	0.333	0.3312	0.3237	0.3789	0.5508	0.5508	0.3243	0.3282	0.355	0.5138	0.3098	0.4362	0.4102	0.3643	0.3201	0.3685	0.5566	0.2868	0.3399	0.5508	0.3051	0.5508	0.5508	0.6367	0.3424	0.3811	0.2927	0.309	0.3393	0.2996	0.3043	0.5579	0.3645	0.4908	0.4151	0.5508
2003	p90p100	0.5917	0.5686	0.4414	0.3029	0.3614	0.3154	0.5522	0.6009	0.3907	0.2972	0.5145	0.5778	0.6149	0.285	0.5224	0.5522	0.4935	0.4297	0.3258	0.3367	0.3161	0.3627	0.5522	0.5522	0.3238	0.3225	0.3623	0.5161	0.3078	0.4442	0.4167	0.3803	0.3301	0.3626	0.5681	0.2892	0.3433	0.5522	0.3123	0.5522	0.5522	0.6406	0.352	0.3731	0.3012	0.2834	0.3428	0.3109	0.3226	0.5517	0.3758	0.5102	0.4164	0.5522
2004	p90p100	0.5881	0.5671	0.4271	0.3066	0.3414	0.322	0.5458	0.5973	0.3982	0.2977	0.5145	0.5663	0.6215	0.2908	0.5136	0.5458	0.4994	0.4099	0.3379	0.3388	0.3286	0.3712	0.5458	0.5458	0.3161	0.3079	0.3602	0.5184	0.3074	0.4546	0.4218	0.3757	0.3522	0.3962	0.5796	0.294	0.344	0.5458	0.3194	0.5458	0.5458	0.6077	0.3631	0.3941	0.3018	0.3071	0.3402	0.316	0.329	0.5331	0.3702	0.4995	0.4243	0.5458
2005	p90p100	0.5881	0.5669	0.4152	0.3119	0.3549	0.3197	0.5461	0.599	0.4068	0.3014	0.5145	0.5569	0.6281	0.3065	0.5047	0.5461	0.5193	0.4472	0.3213	0.3356	0.3473	0.3747	0.5461	0.5461	0.3363	0.3116	0.3704	0.5207	0.3068	0.4565	0.4074	0.3955	0.357	0.4096	0.5873	0.2972	0.3278	0.5461	0.3265	0.5461	0.5461	0.6212	0.3622	0.3878	0.3027	0.3043	0.3378	0.3246	0.3414	0.508	0.3815	0.4835	0.4358	0.5461
2006	p90p100	0.5932	0.5661	0.4219	0.3256	0.3748	0.3241	0.5502	0.607	0.4145	0.3017	0.5145	0.5611	0.6346	0.3108	0.5263	0.5502	0.501	0.4086	0.3336	0.3357	0.3541	0.3664	0.5502	0.5502	0.3464	0.3209	0.3744	0.5202	0.3086	0.4585	0.4479	0.3566	0.3358	0.3578	0.595	0.2963	0.3029	0.5502	0.3336	0.5502	0.5502	0.5941	0.3705	0.3962	0.3031	0.3088	0.347	0.3355	0.3486	0.4982	0.3849	0.5104	0.443	0.5502
2007	p90p100	0.5931	0.5602	0.4585	0.3151	0.353	0.3334	0.5637	0.5834	0.4168	0.3027	0.5145	0.5653	0.6318	0.305	0.548	0.5637	0.5278	0.3947	0.3311	0.3407	0.3703	0.3556	0.5637	0.5637	0.3488	0.3542	0.3594	0.5197	0.3104	0.4602	0.4553	0.3836	0.3688	0.3981	0.6084	0.3102	0.301	0.5637	0.3362	0.5637	0.5637	0.6127	0.3719	0.3953	0.3037	0.3061	0.3464	0.3286	0.3352	0.4898	0.3857	0.5373	0.4402	0.5637
2008	p90p100	0.5954	0.5552	0.4292	0.2977	0.3553	0.3172	0.5546	0.5968	0.407	0.3215	0.5145	0.5694	0.6289	0.3007	0.5023	0.5546	0.5185	0.3753	0.3406	0.3369	0.3675	0.3315	0.5546	0.5546	0.3415	0.2925	0.322	0.5226	0.3072	0.4507	0.4614	0.3762	0.3725	0.3847	0.6218	0.2855	0.2963	0.5546	0.3412	0.5546	0.5546	0.5903	0.3783	0.3806	0.3041	0.298	0.3476	0.3179	0.3118	0.5017	0.3689	0.534	0.4355	0.5546
2009	p90p100	0.5951	0.5478	0.4165	0.3119	0.3424	0.3093	0.5397	0.6106	0.3929	0.2984	0.5145	0.5656	0.6261	0.29	0.4698	0.5397	0.5093	0.3439	0.3228	0.3219	0.3724	0.3251	0.5397	0.5397	0.332	0.2768	0.3247	0.5254	0.3041	0.4401	0.457	0.3802	0.3732	0.3332	0.6152	0.2866	0.3151	0.5397	0.3092	0.5397	0.5397	0.5762	0.3644	0.3747	0.2978	0.2956	0.3588	0.3028	0.3168	0.5187	0.385	0.4677	0.4245	0.5397
2010	p90p100	0.5947	0.5442	0.4231	0.3137	0.3472	0.3135	0.5396	0.6123	0.4016	0.2978	0.5145	0.5613	0.6447	0.3156	0.5094	0.5396	0.4683	0.359	0.3264	0.3272	0.3668	0.3374	0.5396	0.5396	0.3367	0.2677	0.3234	0.5282	0.3089	0.4495	0.4659	0.3622	0.3473	0.3668	0.6086	0.2917	0.3117	0.5396	0.3252	0.5396	0.5396	0.5762	0.3662	0.3794	0.2986	0.3177	0.3434	0.3144	0.3364	0.5124	0.3464	0.4528	0.4387	0.5396
2011	p90p100	0.5943	0.5438	0.4157	0.3059	0.3386	0.3114	0.5332	0.6141	0.403	0.29	0.5212	0.5597	0.6634	0.3165	0.4367	0.5332	0.4773	0.3718	0.3235	0.3336	0.3678	0.3142	0.5332	0.5332	0.328	0.2733	0.3245	0.5223	0.3129	0.4473	0.4662	0.3892	0.348	0.3541	0.6209	0.2894	0.326	0.5332	0.3276	0.5332	0.5332	0.5744	0.3698	0.3827	0.2926	0.3024	0.3406	0.3092	0.3389	0.5147	0.3554	0.4369	0.4426	0.5332
2012	p90p100	0.5919	0.5379	0.385	0.3182	0.3189	0.3137	0.524	0.6032	0.3983	0.3033	0.5254	0.538	0.6519	0.3175	0.449	0.524	0.4862	0.3912	0.3177	0.3251	0.3632	0.3177	0.524	0.524	0.3181	0.2772	0.31	0.5166	0.3116	0.4478	0.4622	0.3841	0.3731	0.3409	0.6332	0.2926	0.343	0.524	0.3297	0.524	0.524	0.5615	0.3674	0.3667	0.2947	0.2956	0.3464	0.298	0.3288	0.5151	0.3647	0.4075	0.4557	0.524
2013	p90p100	0.5858	0.5362	0.3938	0.3293	0.3212	0.3163	0.5321	0.5931	0.4082	0.2966	0.5258	0.5448	0.6405	0.3276	0.4639	0.5321	0.5301	0.388	0.3153	0.3237	0.3776	0.3329	0.5321	0.5321	0.3327	0.2968	0.3227	0.5066	0.3084	0.4493	0.46	0.3824	0.3797	0.333	0.63	0.2843	0.3324	0.5321	0.324	0.5321	0.5321	0.568	0.3658	0.3725	0.293	0.3252	0.3469	0.2989	0.33	0.5086	0.3866	0.4243	0.4491	0.5321
2014	p90p100	0.5878	0.5323	0.4041	0.3271	0.3408	0.3187	0.5319	0.5952	0.4119	0.3029	0.5239	0.5449	0.6397	0.3349	0.4634	0.5319	0.5235	0.3841	0.3205	0.3243	0.3826	0.3574	0.5319	0.5319	0.3288	0.2955	0.3264	0.4974	0.3087	0.449	0.4605	0.3663	0.4113	0.328	0.6268	0.2928	0.3338	0.5319	0.322	0.5319	0.5319	0.557	0.3726	0.3731	0.2996	0.2994	0.3488	0.3014	0.3282	0.5173	0.3669	0.4328	0.4559	0.5319
2015	p90p100	0.5885	0.5316	0.4152	0.3288	0.3331	0.3183	0.5315	0.6049	0.4125	0.3072	0.5333	0.5335	0.639	0.3301	0.4556	0.5315	0.4889	0.3579	0.3293	0.3247	0.3818	0.3538	0.5315	0.5315	0.3295	0.2949	0.3498	0.4944	0.3075	0.45	0.464	0.3558	0.3719	0.3252	0.6205	0.2926	0.3383	0.5315	0.3064	0.5315	0.5315	0.5731	0.3778	0.3716	0.2902	0.3152	0.3507	0.3096	0.3297	0.524	0.356	0.4525	0.4551	0.5315
2016	p90p100	0.5869	0.5284	0.4264	0.325	0.3417	0.3211	0.5271	0.6167	0.3933	0.2979	0.5435	0.5338	0.6331	0.333	0.4251	0.5271	0.4975	0.3621	0.329	0.3229	0.381	0.3467	0.5271	0.5271	0.3306	0.2916	0.3559	0.4915	0.3215	0.4493	0.4664	0.3381	0.3702	0.3283	0.6142	0.2923	0.337	0.5271	0.3052	0.5271	0.5271	0.5752	0.3743	0.373	0.2939	0.2929	0.3489	0.2924	0.328	0.5397	0.3562	0.4216	0.4532	0.5271
2017	p90p100	0.5861	0.525	0.4234	0.3356	0.3338	0.3183	0.5277	0.6104	0.4082	0.2953	0.5238	0.5368	0.6273	0.3333	0.4262	0.5277	0.469	0.3534	0.3386	0.32	0.3778	0.3383	0.5277	0.5277	0.3357	0.2908	0.3488	0.4915	0.3289	0.4489	0.4671	0.3595	0.3831	0.338	0.6126	0.299	0.3445	0.5277	0.3083	0.5277	0.5277	0.6038	0.371	0.3764	0.2946	0.2726	0.3496	0.3014	0.3195	0.5518	0.3592	0.4399	0.4546	0.5277
2018	p90p100	0.5796	0.5257	0.4519	0.3254	0.3352	0.3286	0.5222	0.5876	0.3984	0.2877	0.5389	0.5469	0.6273	0.3328	0.4143	0.5222	0.4303	0.3595	0.3361	0.3201	0.3729	0.3276	0.5222	0.5222	0.3359	0.2908	0.354	0.4915	0.3285	0.4489	0.4666	0.3533	0.3713	0.333	0.6109	0.296	0.3465	0.5222	0.3189	0.5222	0.5222	0.6051	0.3746	0.3674	0.2958	0.274	0.346	0.2945	0.3189	0.5593	0.3593	0.4259	0.4583	0.5222
2019	p90p100	0.5828	0.5222	0.4805	0.326	0.3388	0.3289	0.5183	0.5982	0.397	0.2854	0.5275	0.5469	0.6273	0.3364	0.4158	0.5183	0.4322	0.3462	0.334	0.3225	0.3722	0.3253	0.5183	0.5183	0.3395	0.2908	0.3516	0.4915	0.3255	0.4489	0.4645	0.3444	0.3652	0.3353	0.6109	0.2941	0.3457	0.5183	0.3011	0.5183	0.5183	0.5396	0.3764	0.3651	0.2952	0.269	0.348	0.2961	0.3256	0.5447	0.3564	0.413	0.4569	0.5183
2020	p90p100	0.5837	0.5212	0.4805	0.326	0.3385	0.3289	0.5183	0.5982	0.397	0.2857	0.5275	0.5469	0.6273	0.3386	0.4158	0.5183	0.4322	0.3474	0.3399	0.3223	0.3707	0.3261	0.5183	0.5183	0.3384	0.2908	0.3518	0.4915	0.3221	0.4489	0.4645	0.3452	0.3657	0.3353	0.6109	0.2943	0.3457	0.5183	0.2959	0.5183	0.5183	0.5396	0.3775	0.3521	0.2958	0.265	0.3448	0.3078	0.3249	0.5447	0.3567	0.413	0.4569	0.5183
2021	p90p100	0.5845	0.522	0.4805	0.326	0.3385	0.3289	0.5183	0.5982	0.397	0.2857	0.5275	0.5469	0.6273	0.3386	0.4158	0.5183	0.4322	0.3474	0.3399	0.3223	0.3707	0.3261	0.5183	0.5183	0.3384	0.2908	0.3518	0.4915	0.3221	0.4489	0.4645	0.3452	0.3657	0.3353	0.6109	0.2943	0.3457	0.5183	0.2959	0.5183	0.5183	0.5396	0.3775	0.3521	0.2958	0.265	0.3448	0.3078	0.3249	0.5447	0.3567	0.413	0.4569	0.5183